(kicad_pcb (version 20171130) (host pcbnew 5.0.2-bee76a0~70~ubuntu16.04.1)

  (general
    (thickness 1.6)
    (drawings 33)
    (tracks 169)
    (zones 0)
    (modules 16)
    (nets 25)
  )

  (page A4)
  (layers
    (0 F.Cu signal)
    (31 B.Cu signal)
    (32 B.Adhes user)
    (33 F.Adhes user)
    (34 B.Paste user)
    (35 F.Paste user)
    (36 B.SilkS user)
    (37 F.SilkS user)
    (38 B.Mask user)
    (39 F.Mask user)
    (40 Dwgs.User user)
    (41 Cmts.User user)
    (42 Eco1.User user)
    (43 Eco2.User user)
    (44 Edge.Cuts user)
    (45 Margin user)
    (46 B.CrtYd user)
    (47 F.CrtYd user)
    (48 B.Fab user hide)
    (49 F.Fab user hide)
  )

  (setup
    (last_trace_width 0.3)
    (user_trace_width 0.25)
    (trace_clearance 0.2)
    (zone_clearance 0.508)
    (zone_45_only no)
    (trace_min 0.2)
    (segment_width 0.2)
    (edge_width 0.15)
    (via_size 0.8)
    (via_drill 0.4)
    (via_min_size 0.4)
    (via_min_drill 0.3)
    (uvia_size 0.3)
    (uvia_drill 0.1)
    (uvias_allowed no)
    (uvia_min_size 0.2)
    (uvia_min_drill 0.1)
    (pcb_text_width 0.3)
    (pcb_text_size 1.5 1.5)
    (mod_edge_width 0.15)
    (mod_text_size 1 1)
    (mod_text_width 0.15)
    (pad_size 1.524 1.524)
    (pad_drill 0.762)
    (pad_to_mask_clearance 0.051)
    (solder_mask_min_width 0.25)
    (aux_axis_origin 0 0)
    (visible_elements FFFFFF7F)
    (pcbplotparams
      (layerselection 0x010fc_ffffffff)
      (usegerberextensions false)
      (usegerberattributes false)
      (usegerberadvancedattributes false)
      (creategerberjobfile false)
      (excludeedgelayer true)
      (linewidth 0.100000)
      (plotframeref false)
      (viasonmask false)
      (mode 1)
      (useauxorigin false)
      (hpglpennumber 1)
      (hpglpenspeed 20)
      (hpglpendiameter 15.000000)
      (psnegative false)
      (psa4output false)
      (plotreference true)
      (plotvalue true)
      (plotinvisibletext false)
      (padsonsilk false)
      (subtractmaskfromsilk false)
      (outputformat 1)
      (mirror false)
      (drillshape 0)
      (scaleselection 1)
      (outputdirectory "gerber"))
  )

  (net 0 "")
  (net 1 GND)
  (net 2 +5V)
  (net 3 "Net-(C2-Pad1)")
  (net 4 "Net-(C3-Pad2)")
  (net 5 +3V3)
  (net 6 /PA28_RST)
  (net 7 "Net-(D1-Pad2)")
  (net 8 /SWDIO)
  (net 9 /PA23_LED)
  (net 10 /PA05)
  (net 11 /PA06)
  (net 12 /PA07)
  (net 13 /PA08)
  (net 14 /PA09)
  (net 15 /PA14)
  (net 16 /PA15)
  (net 17 /PA16)
  (net 18 /PA22)
  (net 19 /SWCLK)
  (net 20 /PA24_UDM)
  (net 21 /PA25_UDP)
  (net 22 /PA02)
  (net 23 /PA03)
  (net 24 /PA04)

  (net_class Default "This is the default net class."
    (clearance 0.2)
    (trace_width 0.3)
    (via_dia 0.8)
    (via_drill 0.4)
    (uvia_dia 0.3)
    (uvia_drill 0.1)
    (add_net /PA02)
    (add_net /PA03)
    (add_net /PA04)
    (add_net /PA05)
    (add_net /PA06)
    (add_net /PA07)
    (add_net /PA08)
    (add_net /PA09)
    (add_net /PA14)
    (add_net /PA15)
    (add_net /PA16)
    (add_net /PA22)
    (add_net /PA23_LED)
    (add_net /PA24_UDM)
    (add_net /PA25_UDP)
    (add_net /PA28_RST)
    (add_net /SWCLK)
    (add_net /SWDIO)
    (add_net "Net-(C2-Pad1)")
    (add_net "Net-(C3-Pad2)")
    (add_net "Net-(D1-Pad2)")
  )

  (net_class PWR ""
    (clearance 0.2)
    (trace_width 0.5)
    (via_dia 0.8)
    (via_drill 0.4)
    (uvia_dia 0.3)
    (uvia_drill 0.1)
    (add_net +3V3)
    (add_net +5V)
    (add_net GND)
  )

  (module Capacitor_SMD:C_0805_2012Metric_Pad1.15x1.40mm_HandSolder (layer B.Cu) (tedit 5B36C52B) (tstamp 5D44516B)
    (at 124.46 44.695 270)
    (descr "Capacitor SMD 0805 (2012 Metric), square (rectangular) end terminal, IPC_7351 nominal with elongated pad for handsoldering. (Body size source: https://docs.google.com/spreadsheets/d/1BsfQQcO9C6DZCsRaXUlFlo91Tg2WpOkGARC1WS5S8t0/edit?usp=sharing), generated with kicad-footprint-generator")
    (tags "capacitor handsolder")
    (path /5D3751D1)
    (attr smd)
    (fp_text reference C1 (at -1.515 1.905 270) (layer B.SilkS)
      (effects (font (size 1 1) (thickness 0.15)) (justify mirror))
    )
    (fp_text value 4.7u (at 0 -1.65 270) (layer B.Fab)
      (effects (font (size 1 1) (thickness 0.15)) (justify mirror))
    )
    (fp_line (start -1 -0.6) (end -1 0.6) (layer B.Fab) (width 0.1))
    (fp_line (start -1 0.6) (end 1 0.6) (layer B.Fab) (width 0.1))
    (fp_line (start 1 0.6) (end 1 -0.6) (layer B.Fab) (width 0.1))
    (fp_line (start 1 -0.6) (end -1 -0.6) (layer B.Fab) (width 0.1))
    (fp_line (start -0.261252 0.71) (end 0.261252 0.71) (layer B.SilkS) (width 0.12))
    (fp_line (start -0.261252 -0.71) (end 0.261252 -0.71) (layer B.SilkS) (width 0.12))
    (fp_line (start -1.85 -0.95) (end -1.85 0.95) (layer B.CrtYd) (width 0.05))
    (fp_line (start -1.85 0.95) (end 1.85 0.95) (layer B.CrtYd) (width 0.05))
    (fp_line (start 1.85 0.95) (end 1.85 -0.95) (layer B.CrtYd) (width 0.05))
    (fp_line (start 1.85 -0.95) (end -1.85 -0.95) (layer B.CrtYd) (width 0.05))
    (fp_text user %R (at 0 0 270) (layer B.Fab)
      (effects (font (size 0.5 0.5) (thickness 0.08)) (justify mirror))
    )
    (pad 1 smd roundrect (at -1.025 0 270) (size 1.15 1.4) (layers B.Cu B.Paste B.Mask) (roundrect_rratio 0.217391)
      (net 1 GND))
    (pad 2 smd roundrect (at 1.025 0 270) (size 1.15 1.4) (layers B.Cu B.Paste B.Mask) (roundrect_rratio 0.217391)
      (net 2 +5V))
    (model ${KISYS3DMOD}/Capacitor_SMD.3dshapes/C_0805_2012Metric.wrl
      (at (xyz 0 0 0))
      (scale (xyz 1 1 1))
      (rotate (xyz 0 0 0))
    )
  )

  (module Capacitor_SMD:C_0805_2012Metric_Pad1.15x1.40mm_HandSolder (layer B.Cu) (tedit 5B36C52B) (tstamp 5D44517C)
    (at 116.205 43.18 180)
    (descr "Capacitor SMD 0805 (2012 Metric), square (rectangular) end terminal, IPC_7351 nominal with elongated pad for handsoldering. (Body size source: https://docs.google.com/spreadsheets/d/1BsfQQcO9C6DZCsRaXUlFlo91Tg2WpOkGARC1WS5S8t0/edit?usp=sharing), generated with kicad-footprint-generator")
    (tags "capacitor handsolder")
    (path /5D3793D5)
    (attr smd)
    (fp_text reference C2 (at -3.175 0 180) (layer B.SilkS)
      (effects (font (size 1 1) (thickness 0.15)) (justify mirror))
    )
    (fp_text value 4.5n (at 0 -1.65 180) (layer B.Fab)
      (effects (font (size 1 1) (thickness 0.15)) (justify mirror))
    )
    (fp_text user %R (at 0 0 180) (layer B.Fab)
      (effects (font (size 0.5 0.5) (thickness 0.08)) (justify mirror))
    )
    (fp_line (start 1.85 -0.95) (end -1.85 -0.95) (layer B.CrtYd) (width 0.05))
    (fp_line (start 1.85 0.95) (end 1.85 -0.95) (layer B.CrtYd) (width 0.05))
    (fp_line (start -1.85 0.95) (end 1.85 0.95) (layer B.CrtYd) (width 0.05))
    (fp_line (start -1.85 -0.95) (end -1.85 0.95) (layer B.CrtYd) (width 0.05))
    (fp_line (start -0.261252 -0.71) (end 0.261252 -0.71) (layer B.SilkS) (width 0.12))
    (fp_line (start -0.261252 0.71) (end 0.261252 0.71) (layer B.SilkS) (width 0.12))
    (fp_line (start 1 -0.6) (end -1 -0.6) (layer B.Fab) (width 0.1))
    (fp_line (start 1 0.6) (end 1 -0.6) (layer B.Fab) (width 0.1))
    (fp_line (start -1 0.6) (end 1 0.6) (layer B.Fab) (width 0.1))
    (fp_line (start -1 -0.6) (end -1 0.6) (layer B.Fab) (width 0.1))
    (pad 2 smd roundrect (at 1.025 0 180) (size 1.15 1.4) (layers B.Cu B.Paste B.Mask) (roundrect_rratio 0.217391)
      (net 1 GND))
    (pad 1 smd roundrect (at -1.025 0 180) (size 1.15 1.4) (layers B.Cu B.Paste B.Mask) (roundrect_rratio 0.217391)
      (net 3 "Net-(C2-Pad1)"))
    (model ${KISYS3DMOD}/Capacitor_SMD.3dshapes/C_0805_2012Metric.wrl
      (at (xyz 0 0 0))
      (scale (xyz 1 1 1))
      (rotate (xyz 0 0 0))
    )
  )

  (module Capacitor_SMD:C_0805_2012Metric_Pad1.15x1.40mm_HandSolder (layer B.Cu) (tedit 5B36C52B) (tstamp 5D44787C)
    (at 123.825 52.07 270)
    (descr "Capacitor SMD 0805 (2012 Metric), square (rectangular) end terminal, IPC_7351 nominal with elongated pad for handsoldering. (Body size source: https://docs.google.com/spreadsheets/d/1BsfQQcO9C6DZCsRaXUlFlo91Tg2WpOkGARC1WS5S8t0/edit?usp=sharing), generated with kicad-footprint-generator")
    (tags "capacitor handsolder")
    (path /5D374400)
    (attr smd)
    (fp_text reference C3 (at -1.27 -1.905 270) (layer B.SilkS)
      (effects (font (size 1 1) (thickness 0.15)) (justify mirror))
    )
    (fp_text value 100n (at 0 -1.65 270) (layer B.Fab)
      (effects (font (size 1 1) (thickness 0.15)) (justify mirror))
    )
    (fp_line (start -1 -0.6) (end -1 0.6) (layer B.Fab) (width 0.1))
    (fp_line (start -1 0.6) (end 1 0.6) (layer B.Fab) (width 0.1))
    (fp_line (start 1 0.6) (end 1 -0.6) (layer B.Fab) (width 0.1))
    (fp_line (start 1 -0.6) (end -1 -0.6) (layer B.Fab) (width 0.1))
    (fp_line (start -0.261252 0.71) (end 0.261252 0.71) (layer B.SilkS) (width 0.12))
    (fp_line (start -0.261252 -0.71) (end 0.261252 -0.71) (layer B.SilkS) (width 0.12))
    (fp_line (start -1.85 -0.95) (end -1.85 0.95) (layer B.CrtYd) (width 0.05))
    (fp_line (start -1.85 0.95) (end 1.85 0.95) (layer B.CrtYd) (width 0.05))
    (fp_line (start 1.85 0.95) (end 1.85 -0.95) (layer B.CrtYd) (width 0.05))
    (fp_line (start 1.85 -0.95) (end -1.85 -0.95) (layer B.CrtYd) (width 0.05))
    (fp_text user %R (at 0 0 270) (layer B.Fab)
      (effects (font (size 0.5 0.5) (thickness 0.08)) (justify mirror))
    )
    (pad 1 smd roundrect (at -1.025 0 270) (size 1.15 1.4) (layers B.Cu B.Paste B.Mask) (roundrect_rratio 0.217391)
      (net 1 GND))
    (pad 2 smd roundrect (at 1.025 0 270) (size 1.15 1.4) (layers B.Cu B.Paste B.Mask) (roundrect_rratio 0.217391)
      (net 4 "Net-(C3-Pad2)"))
    (model ${KISYS3DMOD}/Capacitor_SMD.3dshapes/C_0805_2012Metric.wrl
      (at (xyz 0 0 0))
      (scale (xyz 1 1 1))
      (rotate (xyz 0 0 0))
    )
  )

  (module Capacitor_SMD:C_0805_2012Metric_Pad1.15x1.40mm_HandSolder (layer B.Cu) (tedit 5B36C52B) (tstamp 5D44784C)
    (at 118.745 55.88)
    (descr "Capacitor SMD 0805 (2012 Metric), square (rectangular) end terminal, IPC_7351 nominal with elongated pad for handsoldering. (Body size source: https://docs.google.com/spreadsheets/d/1BsfQQcO9C6DZCsRaXUlFlo91Tg2WpOkGARC1WS5S8t0/edit?usp=sharing), generated with kicad-footprint-generator")
    (tags "capacitor handsolder")
    (path /5D374FD3)
    (attr smd)
    (fp_text reference C4 (at 0 1.905) (layer B.SilkS)
      (effects (font (size 1 1) (thickness 0.15)) (justify mirror))
    )
    (fp_text value 4.7u (at 0 -1.65) (layer B.Fab)
      (effects (font (size 1 1) (thickness 0.15)) (justify mirror))
    )
    (fp_text user %R (at 0 0) (layer B.Fab)
      (effects (font (size 0.5 0.5) (thickness 0.08)) (justify mirror))
    )
    (fp_line (start 1.85 -0.95) (end -1.85 -0.95) (layer B.CrtYd) (width 0.05))
    (fp_line (start 1.85 0.95) (end 1.85 -0.95) (layer B.CrtYd) (width 0.05))
    (fp_line (start -1.85 0.95) (end 1.85 0.95) (layer B.CrtYd) (width 0.05))
    (fp_line (start -1.85 -0.95) (end -1.85 0.95) (layer B.CrtYd) (width 0.05))
    (fp_line (start -0.261252 -0.71) (end 0.261252 -0.71) (layer B.SilkS) (width 0.12))
    (fp_line (start -0.261252 0.71) (end 0.261252 0.71) (layer B.SilkS) (width 0.12))
    (fp_line (start 1 -0.6) (end -1 -0.6) (layer B.Fab) (width 0.1))
    (fp_line (start 1 0.6) (end 1 -0.6) (layer B.Fab) (width 0.1))
    (fp_line (start -1 0.6) (end 1 0.6) (layer B.Fab) (width 0.1))
    (fp_line (start -1 -0.6) (end -1 0.6) (layer B.Fab) (width 0.1))
    (pad 2 smd roundrect (at 1.025 0) (size 1.15 1.4) (layers B.Cu B.Paste B.Mask) (roundrect_rratio 0.217391)
      (net 5 +3V3))
    (pad 1 smd roundrect (at -1.025 0) (size 1.15 1.4) (layers B.Cu B.Paste B.Mask) (roundrect_rratio 0.217391)
      (net 1 GND))
    (model ${KISYS3DMOD}/Capacitor_SMD.3dshapes/C_0805_2012Metric.wrl
      (at (xyz 0 0 0))
      (scale (xyz 1 1 1))
      (rotate (xyz 0 0 0))
    )
  )

  (module Capacitor_SMD:C_0805_2012Metric_Pad1.15x1.40mm_HandSolder (layer B.Cu) (tedit 5B36C52B) (tstamp 5D4451AF)
    (at 127 44.695 90)
    (descr "Capacitor SMD 0805 (2012 Metric), square (rectangular) end terminal, IPC_7351 nominal with elongated pad for handsoldering. (Body size source: https://docs.google.com/spreadsheets/d/1BsfQQcO9C6DZCsRaXUlFlo91Tg2WpOkGARC1WS5S8t0/edit?usp=sharing), generated with kicad-footprint-generator")
    (tags "capacitor handsolder")
    (path /5D37452D)
    (attr smd)
    (fp_text reference C5 (at -2.93 0 90) (layer B.SilkS)
      (effects (font (size 1 1) (thickness 0.15)) (justify mirror))
    )
    (fp_text value 100n (at 0 -1.65 90) (layer B.Fab)
      (effects (font (size 1 1) (thickness 0.15)) (justify mirror))
    )
    (fp_text user %R (at 0 0 90) (layer B.Fab)
      (effects (font (size 0.5 0.5) (thickness 0.08)) (justify mirror))
    )
    (fp_line (start 1.85 -0.95) (end -1.85 -0.95) (layer B.CrtYd) (width 0.05))
    (fp_line (start 1.85 0.95) (end 1.85 -0.95) (layer B.CrtYd) (width 0.05))
    (fp_line (start -1.85 0.95) (end 1.85 0.95) (layer B.CrtYd) (width 0.05))
    (fp_line (start -1.85 -0.95) (end -1.85 0.95) (layer B.CrtYd) (width 0.05))
    (fp_line (start -0.261252 -0.71) (end 0.261252 -0.71) (layer B.SilkS) (width 0.12))
    (fp_line (start -0.261252 0.71) (end 0.261252 0.71) (layer B.SilkS) (width 0.12))
    (fp_line (start 1 -0.6) (end -1 -0.6) (layer B.Fab) (width 0.1))
    (fp_line (start 1 0.6) (end 1 -0.6) (layer B.Fab) (width 0.1))
    (fp_line (start -1 0.6) (end 1 0.6) (layer B.Fab) (width 0.1))
    (fp_line (start -1 -0.6) (end -1 0.6) (layer B.Fab) (width 0.1))
    (pad 2 smd roundrect (at 1.025 0 90) (size 1.15 1.4) (layers B.Cu B.Paste B.Mask) (roundrect_rratio 0.217391)
      (net 1 GND))
    (pad 1 smd roundrect (at -1.025 0 90) (size 1.15 1.4) (layers B.Cu B.Paste B.Mask) (roundrect_rratio 0.217391)
      (net 6 /PA28_RST))
    (model ${KISYS3DMOD}/Capacitor_SMD.3dshapes/C_0805_2012Metric.wrl
      (at (xyz 0 0 0))
      (scale (xyz 1 1 1))
      (rotate (xyz 0 0 0))
    )
  )

  (module Capacitor_SMD:C_0805_2012Metric_Pad1.15x1.40mm_HandSolder (layer B.Cu) (tedit 5B36C52B) (tstamp 5D447939)
    (at 118.745 53.34 180)
    (descr "Capacitor SMD 0805 (2012 Metric), square (rectangular) end terminal, IPC_7351 nominal with elongated pad for handsoldering. (Body size source: https://docs.google.com/spreadsheets/d/1BsfQQcO9C6DZCsRaXUlFlo91Tg2WpOkGARC1WS5S8t0/edit?usp=sharing), generated with kicad-footprint-generator")
    (tags "capacitor handsolder")
    (path /5D374F95)
    (attr smd)
    (fp_text reference C6 (at 1.27 1.65 180) (layer B.SilkS)
      (effects (font (size 1 1) (thickness 0.15)) (justify mirror))
    )
    (fp_text value 100n (at 0 -1.65 180) (layer B.Fab)
      (effects (font (size 1 1) (thickness 0.15)) (justify mirror))
    )
    (fp_line (start -1 -0.6) (end -1 0.6) (layer B.Fab) (width 0.1))
    (fp_line (start -1 0.6) (end 1 0.6) (layer B.Fab) (width 0.1))
    (fp_line (start 1 0.6) (end 1 -0.6) (layer B.Fab) (width 0.1))
    (fp_line (start 1 -0.6) (end -1 -0.6) (layer B.Fab) (width 0.1))
    (fp_line (start -0.261252 0.71) (end 0.261252 0.71) (layer B.SilkS) (width 0.12))
    (fp_line (start -0.261252 -0.71) (end 0.261252 -0.71) (layer B.SilkS) (width 0.12))
    (fp_line (start -1.85 -0.95) (end -1.85 0.95) (layer B.CrtYd) (width 0.05))
    (fp_line (start -1.85 0.95) (end 1.85 0.95) (layer B.CrtYd) (width 0.05))
    (fp_line (start 1.85 0.95) (end 1.85 -0.95) (layer B.CrtYd) (width 0.05))
    (fp_line (start 1.85 -0.95) (end -1.85 -0.95) (layer B.CrtYd) (width 0.05))
    (fp_text user %R (at 0 0 180) (layer B.Fab)
      (effects (font (size 0.5 0.5) (thickness 0.08)) (justify mirror))
    )
    (pad 1 smd roundrect (at -1.025 0 180) (size 1.15 1.4) (layers B.Cu B.Paste B.Mask) (roundrect_rratio 0.217391)
      (net 5 +3V3))
    (pad 2 smd roundrect (at 1.025 0 180) (size 1.15 1.4) (layers B.Cu B.Paste B.Mask) (roundrect_rratio 0.217391)
      (net 1 GND))
    (model ${KISYS3DMOD}/Capacitor_SMD.3dshapes/C_0805_2012Metric.wrl
      (at (xyz 0 0 0))
      (scale (xyz 1 1 1))
      (rotate (xyz 0 0 0))
    )
  )

  (module LED_SMD:LED_0805_2012Metric_Pad1.15x1.40mm_HandSolder (layer F.Cu) (tedit 5B4B45C9) (tstamp 5D4451D3)
    (at 115.57 65.405 270)
    (descr "LED SMD 0805 (2012 Metric), square (rectangular) end terminal, IPC_7351 nominal, (Body size source: https://docs.google.com/spreadsheets/d/1BsfQQcO9C6DZCsRaXUlFlo91Tg2WpOkGARC1WS5S8t0/edit?usp=sharing), generated with kicad-footprint-generator")
    (tags "LED handsolder")
    (path /5D3787E6)
    (attr smd)
    (fp_text reference D1 (at -3.175 0 270) (layer F.SilkS)
      (effects (font (size 1 1) (thickness 0.15)))
    )
    (fp_text value LED (at 0 1.65 270) (layer F.Fab)
      (effects (font (size 1 1) (thickness 0.15)))
    )
    (fp_line (start 1 -0.6) (end -0.7 -0.6) (layer F.Fab) (width 0.1))
    (fp_line (start -0.7 -0.6) (end -1 -0.3) (layer F.Fab) (width 0.1))
    (fp_line (start -1 -0.3) (end -1 0.6) (layer F.Fab) (width 0.1))
    (fp_line (start -1 0.6) (end 1 0.6) (layer F.Fab) (width 0.1))
    (fp_line (start 1 0.6) (end 1 -0.6) (layer F.Fab) (width 0.1))
    (fp_line (start 1 -0.96) (end -1.86 -0.96) (layer F.SilkS) (width 0.12))
    (fp_line (start -1.86 -0.96) (end -1.86 0.96) (layer F.SilkS) (width 0.12))
    (fp_line (start -1.86 0.96) (end 1 0.96) (layer F.SilkS) (width 0.12))
    (fp_line (start -1.85 0.95) (end -1.85 -0.95) (layer F.CrtYd) (width 0.05))
    (fp_line (start -1.85 -0.95) (end 1.85 -0.95) (layer F.CrtYd) (width 0.05))
    (fp_line (start 1.85 -0.95) (end 1.85 0.95) (layer F.CrtYd) (width 0.05))
    (fp_line (start 1.85 0.95) (end -1.85 0.95) (layer F.CrtYd) (width 0.05))
    (fp_text user %R (at 0 0 270) (layer F.Fab)
      (effects (font (size 0.5 0.5) (thickness 0.08)))
    )
    (pad 1 smd roundrect (at -1.025 0 270) (size 1.15 1.4) (layers F.Cu F.Paste F.Mask) (roundrect_rratio 0.217391)
      (net 1 GND))
    (pad 2 smd roundrect (at 1.025 0 270) (size 1.15 1.4) (layers F.Cu F.Paste F.Mask) (roundrect_rratio 0.217391)
      (net 7 "Net-(D1-Pad2)"))
    (model ${KISYS3DMOD}/LED_SMD.3dshapes/LED_0805_2012Metric.wrl
      (at (xyz 0 0 0))
      (scale (xyz 1 1 1))
      (rotate (xyz 0 0 0))
    )
  )

  (module Resistor_SMD:R_0805_2012Metric_Pad1.15x1.40mm_HandSolder (layer B.Cu) (tedit 5B36C52B) (tstamp 5D4451E4)
    (at 116.205 46.355 270)
    (descr "Resistor SMD 0805 (2012 Metric), square (rectangular) end terminal, IPC_7351 nominal with elongated pad for handsoldering. (Body size source: https://docs.google.com/spreadsheets/d/1BsfQQcO9C6DZCsRaXUlFlo91Tg2WpOkGARC1WS5S8t0/edit?usp=sharing), generated with kicad-footprint-generator")
    (tags "resistor handsolder")
    (path /5D3794EC)
    (attr smd)
    (fp_text reference R1 (at 0 1.65 270) (layer B.SilkS)
      (effects (font (size 1 1) (thickness 0.15)) (justify mirror))
    )
    (fp_text value 1M (at 0 -1.65 270) (layer B.Fab)
      (effects (font (size 1 1) (thickness 0.15)) (justify mirror))
    )
    (fp_line (start -1 -0.6) (end -1 0.6) (layer B.Fab) (width 0.1))
    (fp_line (start -1 0.6) (end 1 0.6) (layer B.Fab) (width 0.1))
    (fp_line (start 1 0.6) (end 1 -0.6) (layer B.Fab) (width 0.1))
    (fp_line (start 1 -0.6) (end -1 -0.6) (layer B.Fab) (width 0.1))
    (fp_line (start -0.261252 0.71) (end 0.261252 0.71) (layer B.SilkS) (width 0.12))
    (fp_line (start -0.261252 -0.71) (end 0.261252 -0.71) (layer B.SilkS) (width 0.12))
    (fp_line (start -1.85 -0.95) (end -1.85 0.95) (layer B.CrtYd) (width 0.05))
    (fp_line (start -1.85 0.95) (end 1.85 0.95) (layer B.CrtYd) (width 0.05))
    (fp_line (start 1.85 0.95) (end 1.85 -0.95) (layer B.CrtYd) (width 0.05))
    (fp_line (start 1.85 -0.95) (end -1.85 -0.95) (layer B.CrtYd) (width 0.05))
    (fp_text user %R (at 0 0 270) (layer B.Fab)
      (effects (font (size 0.5 0.5) (thickness 0.08)) (justify mirror))
    )
    (pad 1 smd roundrect (at -1.025 0 270) (size 1.15 1.4) (layers B.Cu B.Paste B.Mask) (roundrect_rratio 0.217391)
      (net 3 "Net-(C2-Pad1)"))
    (pad 2 smd roundrect (at 1.025 0 270) (size 1.15 1.4) (layers B.Cu B.Paste B.Mask) (roundrect_rratio 0.217391)
      (net 1 GND))
    (model ${KISYS3DMOD}/Resistor_SMD.3dshapes/R_0805_2012Metric.wrl
      (at (xyz 0 0 0))
      (scale (xyz 1 1 1))
      (rotate (xyz 0 0 0))
    )
  )

  (module Resistor_SMD:R_0805_2012Metric_Pad1.15x1.40mm_HandSolder (layer B.Cu) (tedit 5B36C52B) (tstamp 5D4477EC)
    (at 122.945 55.88)
    (descr "Resistor SMD 0805 (2012 Metric), square (rectangular) end terminal, IPC_7351 nominal with elongated pad for handsoldering. (Body size source: https://docs.google.com/spreadsheets/d/1BsfQQcO9C6DZCsRaXUlFlo91Tg2WpOkGARC1WS5S8t0/edit?usp=sharing), generated with kicad-footprint-generator")
    (tags "resistor handsolder")
    (path /5D3746EF)
    (attr smd)
    (fp_text reference R2 (at 0.245 1.905) (layer B.SilkS)
      (effects (font (size 1 1) (thickness 0.15)) (justify mirror))
    )
    (fp_text value 1k5 (at 0 -1.65) (layer B.Fab)
      (effects (font (size 1 1) (thickness 0.15)) (justify mirror))
    )
    (fp_line (start -1 -0.6) (end -1 0.6) (layer B.Fab) (width 0.1))
    (fp_line (start -1 0.6) (end 1 0.6) (layer B.Fab) (width 0.1))
    (fp_line (start 1 0.6) (end 1 -0.6) (layer B.Fab) (width 0.1))
    (fp_line (start 1 -0.6) (end -1 -0.6) (layer B.Fab) (width 0.1))
    (fp_line (start -0.261252 0.71) (end 0.261252 0.71) (layer B.SilkS) (width 0.12))
    (fp_line (start -0.261252 -0.71) (end 0.261252 -0.71) (layer B.SilkS) (width 0.12))
    (fp_line (start -1.85 -0.95) (end -1.85 0.95) (layer B.CrtYd) (width 0.05))
    (fp_line (start -1.85 0.95) (end 1.85 0.95) (layer B.CrtYd) (width 0.05))
    (fp_line (start 1.85 0.95) (end 1.85 -0.95) (layer B.CrtYd) (width 0.05))
    (fp_line (start 1.85 -0.95) (end -1.85 -0.95) (layer B.CrtYd) (width 0.05))
    (fp_text user %R (at 0 0) (layer B.Fab)
      (effects (font (size 0.5 0.5) (thickness 0.08)) (justify mirror))
    )
    (pad 1 smd roundrect (at -1.025 0) (size 1.15 1.4) (layers B.Cu B.Paste B.Mask) (roundrect_rratio 0.217391)
      (net 5 +3V3))
    (pad 2 smd roundrect (at 1.025 0) (size 1.15 1.4) (layers B.Cu B.Paste B.Mask) (roundrect_rratio 0.217391)
      (net 8 /SWDIO))
    (model ${KISYS3DMOD}/Resistor_SMD.3dshapes/R_0805_2012Metric.wrl
      (at (xyz 0 0 0))
      (scale (xyz 1 1 1))
      (rotate (xyz 0 0 0))
    )
  )

  (module Resistor_SMD:R_0805_2012Metric_Pad1.15x1.40mm_HandSolder (layer F.Cu) (tedit 5B36C52B) (tstamp 5D445206)
    (at 117.856 65.405 90)
    (descr "Resistor SMD 0805 (2012 Metric), square (rectangular) end terminal, IPC_7351 nominal with elongated pad for handsoldering. (Body size source: https://docs.google.com/spreadsheets/d/1BsfQQcO9C6DZCsRaXUlFlo91Tg2WpOkGARC1WS5S8t0/edit?usp=sharing), generated with kicad-footprint-generator")
    (tags "resistor handsolder")
    (path /5D3788C3)
    (attr smd)
    (fp_text reference R3 (at 3.175 0 90) (layer F.SilkS)
      (effects (font (size 1 1) (thickness 0.15)))
    )
    (fp_text value 270R (at 0 1.65 90) (layer F.Fab)
      (effects (font (size 1 1) (thickness 0.15)))
    )
    (fp_text user %R (at 0 0 90) (layer F.Fab)
      (effects (font (size 0.5 0.5) (thickness 0.08)))
    )
    (fp_line (start 1.85 0.95) (end -1.85 0.95) (layer F.CrtYd) (width 0.05))
    (fp_line (start 1.85 -0.95) (end 1.85 0.95) (layer F.CrtYd) (width 0.05))
    (fp_line (start -1.85 -0.95) (end 1.85 -0.95) (layer F.CrtYd) (width 0.05))
    (fp_line (start -1.85 0.95) (end -1.85 -0.95) (layer F.CrtYd) (width 0.05))
    (fp_line (start -0.261252 0.71) (end 0.261252 0.71) (layer F.SilkS) (width 0.12))
    (fp_line (start -0.261252 -0.71) (end 0.261252 -0.71) (layer F.SilkS) (width 0.12))
    (fp_line (start 1 0.6) (end -1 0.6) (layer F.Fab) (width 0.1))
    (fp_line (start 1 -0.6) (end 1 0.6) (layer F.Fab) (width 0.1))
    (fp_line (start -1 -0.6) (end 1 -0.6) (layer F.Fab) (width 0.1))
    (fp_line (start -1 0.6) (end -1 -0.6) (layer F.Fab) (width 0.1))
    (pad 2 smd roundrect (at 1.025 0 90) (size 1.15 1.4) (layers F.Cu F.Paste F.Mask) (roundrect_rratio 0.217391)
      (net 9 /PA23_LED))
    (pad 1 smd roundrect (at -1.025 0 90) (size 1.15 1.4) (layers F.Cu F.Paste F.Mask) (roundrect_rratio 0.217391)
      (net 7 "Net-(D1-Pad2)"))
    (model ${KISYS3DMOD}/Resistor_SMD.3dshapes/R_0805_2012Metric.wrl
      (at (xyz 0 0 0))
      (scale (xyz 1 1 1))
      (rotate (xyz 0 0 0))
    )
  )

  (module Package_SO:SOIC-20W_7.5x12.8mm_P1.27mm (layer F.Cu) (tedit 5A02F2D3) (tstamp 5D445BE5)
    (at 120.65 54.61 90)
    (descr "20-Lead Plastic Small Outline (SO) - Wide, 7.50 mm Body [SOIC] (see Microchip Packaging Specification 00000049BS.pdf)")
    (tags "SOIC 1.27")
    (path /5D3735E9)
    (attr smd)
    (fp_text reference U1 (at 0 0 90) (layer F.SilkS)
      (effects (font (size 1 1) (thickness 0.15)))
    )
    (fp_text value ATSAMD11D14A-SS (at 0 7.5 90) (layer F.Fab)
      (effects (font (size 1 1) (thickness 0.15)))
    )
    (fp_text user %R (at 0 0 90) (layer F.Fab)
      (effects (font (size 1 1) (thickness 0.15)))
    )
    (fp_line (start -2.75 -6.4) (end 3.75 -6.4) (layer F.Fab) (width 0.15))
    (fp_line (start 3.75 -6.4) (end 3.75 6.4) (layer F.Fab) (width 0.15))
    (fp_line (start 3.75 6.4) (end -3.75 6.4) (layer F.Fab) (width 0.15))
    (fp_line (start -3.75 6.4) (end -3.75 -5.4) (layer F.Fab) (width 0.15))
    (fp_line (start -3.75 -5.4) (end -2.75 -6.4) (layer F.Fab) (width 0.15))
    (fp_line (start -5.95 -6.75) (end -5.95 6.75) (layer F.CrtYd) (width 0.05))
    (fp_line (start 5.95 -6.75) (end 5.95 6.75) (layer F.CrtYd) (width 0.05))
    (fp_line (start -5.95 -6.75) (end 5.95 -6.75) (layer F.CrtYd) (width 0.05))
    (fp_line (start -5.95 6.75) (end 5.95 6.75) (layer F.CrtYd) (width 0.05))
    (fp_line (start -3.875 -6.575) (end -3.875 -6.325) (layer F.SilkS) (width 0.15))
    (fp_line (start 3.875 -6.575) (end 3.875 -6.24) (layer F.SilkS) (width 0.15))
    (fp_line (start 3.875 6.575) (end 3.875 6.24) (layer F.SilkS) (width 0.15))
    (fp_line (start -3.875 6.575) (end -3.875 6.24) (layer F.SilkS) (width 0.15))
    (fp_line (start -3.875 -6.575) (end 3.875 -6.575) (layer F.SilkS) (width 0.15))
    (fp_line (start -3.875 6.575) (end 3.875 6.575) (layer F.SilkS) (width 0.15))
    (fp_line (start -3.875 -6.325) (end -5.675 -6.325) (layer F.SilkS) (width 0.15))
    (pad 1 smd rect (at -4.7 -5.715 90) (size 1.95 0.6) (layers F.Cu F.Paste F.Mask)
      (net 10 /PA05))
    (pad 2 smd rect (at -4.7 -4.445 90) (size 1.95 0.6) (layers F.Cu F.Paste F.Mask)
      (net 11 /PA06))
    (pad 3 smd rect (at -4.7 -3.175 90) (size 1.95 0.6) (layers F.Cu F.Paste F.Mask)
      (net 12 /PA07))
    (pad 4 smd rect (at -4.7 -1.905 90) (size 1.95 0.6) (layers F.Cu F.Paste F.Mask)
      (net 13 /PA08))
    (pad 5 smd rect (at -4.7 -0.635 90) (size 1.95 0.6) (layers F.Cu F.Paste F.Mask)
      (net 14 /PA09))
    (pad 6 smd rect (at -4.7 0.635 90) (size 1.95 0.6) (layers F.Cu F.Paste F.Mask)
      (net 15 /PA14))
    (pad 7 smd rect (at -4.7 1.905 90) (size 1.95 0.6) (layers F.Cu F.Paste F.Mask)
      (net 16 /PA15))
    (pad 8 smd rect (at -4.7 3.175 90) (size 1.95 0.6) (layers F.Cu F.Paste F.Mask)
      (net 17 /PA16))
    (pad 9 smd rect (at -4.7 4.445 90) (size 1.95 0.6) (layers F.Cu F.Paste F.Mask)
      (net 18 /PA22))
    (pad 10 smd rect (at -4.7 5.715 90) (size 1.95 0.6) (layers F.Cu F.Paste F.Mask)
      (net 9 /PA23_LED))
    (pad 11 smd rect (at 4.7 5.715 90) (size 1.95 0.6) (layers F.Cu F.Paste F.Mask)
      (net 6 /PA28_RST))
    (pad 12 smd rect (at 4.7 4.445 90) (size 1.95 0.6) (layers F.Cu F.Paste F.Mask)
      (net 19 /SWCLK))
    (pad 13 smd rect (at 4.7 3.175 90) (size 1.95 0.6) (layers F.Cu F.Paste F.Mask)
      (net 8 /SWDIO))
    (pad 14 smd rect (at 4.7 1.905 90) (size 1.95 0.6) (layers F.Cu F.Paste F.Mask)
      (net 20 /PA24_UDM))
    (pad 15 smd rect (at 4.7 0.635 90) (size 1.95 0.6) (layers F.Cu F.Paste F.Mask)
      (net 21 /PA25_UDP))
    (pad 16 smd rect (at 4.7 -0.635 90) (size 1.95 0.6) (layers F.Cu F.Paste F.Mask)
      (net 1 GND))
    (pad 17 smd rect (at 4.7 -1.905 90) (size 1.95 0.6) (layers F.Cu F.Paste F.Mask)
      (net 5 +3V3))
    (pad 18 smd rect (at 4.7 -3.175 90) (size 1.95 0.6) (layers F.Cu F.Paste F.Mask)
      (net 22 /PA02))
    (pad 19 smd rect (at 4.7 -4.445 90) (size 1.95 0.6) (layers F.Cu F.Paste F.Mask)
      (net 23 /PA03))
    (pad 20 smd rect (at 4.7 -5.715 90) (size 1.95 0.6) (layers F.Cu F.Paste F.Mask)
      (net 24 /PA04))
    (model ${KISYS3DMOD}/Package_SO.3dshapes/SOIC-20W_7.5x12.8mm_P1.27mm.wrl
      (at (xyz 0 0 0))
      (scale (xyz 1 1 1))
      (rotate (xyz 0 0 0))
    )
  )

  (module Package_TO_SOT_SMD:SOT-23-5_HandSoldering (layer B.Cu) (tedit 5A0AB76C) (tstamp 5D4478D4)
    (at 120.65 49.53 270)
    (descr "5-pin SOT23 package")
    (tags "SOT-23-5 hand-soldering")
    (path /5D374DA4)
    (attr smd)
    (fp_text reference U2 (at 0 2.54 270) (layer B.SilkS)
      (effects (font (size 1 1) (thickness 0.15)) (justify mirror))
    )
    (fp_text value SPX3819M5-L-3-3 (at 0 -2.9 270) (layer B.Fab)
      (effects (font (size 1 1) (thickness 0.15)) (justify mirror))
    )
    (fp_text user %R (at 0 0 180) (layer B.Fab)
      (effects (font (size 0.5 0.5) (thickness 0.075)) (justify mirror))
    )
    (fp_line (start -0.9 -1.61) (end 0.9 -1.61) (layer B.SilkS) (width 0.12))
    (fp_line (start 0.9 1.61) (end -1.55 1.61) (layer B.SilkS) (width 0.12))
    (fp_line (start -0.9 0.9) (end -0.25 1.55) (layer B.Fab) (width 0.1))
    (fp_line (start 0.9 1.55) (end -0.25 1.55) (layer B.Fab) (width 0.1))
    (fp_line (start -0.9 0.9) (end -0.9 -1.55) (layer B.Fab) (width 0.1))
    (fp_line (start 0.9 -1.55) (end -0.9 -1.55) (layer B.Fab) (width 0.1))
    (fp_line (start 0.9 1.55) (end 0.9 -1.55) (layer B.Fab) (width 0.1))
    (fp_line (start -2.38 1.8) (end 2.38 1.8) (layer B.CrtYd) (width 0.05))
    (fp_line (start -2.38 1.8) (end -2.38 -1.8) (layer B.CrtYd) (width 0.05))
    (fp_line (start 2.38 -1.8) (end 2.38 1.8) (layer B.CrtYd) (width 0.05))
    (fp_line (start 2.38 -1.8) (end -2.38 -1.8) (layer B.CrtYd) (width 0.05))
    (pad 1 smd rect (at -1.35 0.95 270) (size 1.56 0.65) (layers B.Cu B.Paste B.Mask)
      (net 2 +5V))
    (pad 2 smd rect (at -1.35 0 270) (size 1.56 0.65) (layers B.Cu B.Paste B.Mask)
      (net 1 GND))
    (pad 3 smd rect (at -1.35 -0.95 270) (size 1.56 0.65) (layers B.Cu B.Paste B.Mask)
      (net 2 +5V))
    (pad 4 smd rect (at 1.35 -0.95 270) (size 1.56 0.65) (layers B.Cu B.Paste B.Mask)
      (net 4 "Net-(C3-Pad2)"))
    (pad 5 smd rect (at 1.35 0.95 270) (size 1.56 0.65) (layers B.Cu B.Paste B.Mask)
      (net 5 +3V3))
    (model ${KISYS3DMOD}/Package_TO_SOT_SMD.3dshapes/SOT-23-5.wrl
      (at (xyz 0 0 0))
      (scale (xyz 1 1 1))
      (rotate (xyz 0 0 0))
    )
  )

  (module Connector_PinHeader_2.54mm:PinHeader_1x10_P2.54mm_Vertical (layer B.Cu) (tedit 59FED5CC) (tstamp 5D445262)
    (at 111.76 43.18 180)
    (descr "Through hole straight pin header, 1x10, 2.54mm pitch, single row")
    (tags "Through hole pin header THT 1x10 2.54mm single row")
    (path /5D373B25)
    (fp_text reference X1 (at -2.54 -9.525 180) (layer B.SilkS)
      (effects (font (size 1 1) (thickness 0.15)) (justify mirror))
    )
    (fp_text value Conn_01x10_Male (at 0 -25.19 180) (layer B.Fab)
      (effects (font (size 1 1) (thickness 0.15)) (justify mirror))
    )
    (fp_line (start -0.635 1.27) (end 1.27 1.27) (layer B.Fab) (width 0.1))
    (fp_line (start 1.27 1.27) (end 1.27 -24.13) (layer B.Fab) (width 0.1))
    (fp_line (start 1.27 -24.13) (end -1.27 -24.13) (layer B.Fab) (width 0.1))
    (fp_line (start -1.27 -24.13) (end -1.27 0.635) (layer B.Fab) (width 0.1))
    (fp_line (start -1.27 0.635) (end -0.635 1.27) (layer B.Fab) (width 0.1))
    (fp_line (start -1.33 -24.19) (end 1.33 -24.19) (layer B.SilkS) (width 0.12))
    (fp_line (start -1.33 -1.27) (end -1.33 -24.19) (layer B.SilkS) (width 0.12))
    (fp_line (start 1.33 -1.27) (end 1.33 -24.19) (layer B.SilkS) (width 0.12))
    (fp_line (start -1.33 -1.27) (end 1.33 -1.27) (layer B.SilkS) (width 0.12))
    (fp_line (start -1.33 0) (end -1.33 1.33) (layer B.SilkS) (width 0.12))
    (fp_line (start -1.33 1.33) (end 0 1.33) (layer B.SilkS) (width 0.12))
    (fp_line (start -1.8 1.8) (end -1.8 -24.65) (layer B.CrtYd) (width 0.05))
    (fp_line (start -1.8 -24.65) (end 1.8 -24.65) (layer B.CrtYd) (width 0.05))
    (fp_line (start 1.8 -24.65) (end 1.8 1.8) (layer B.CrtYd) (width 0.05))
    (fp_line (start 1.8 1.8) (end -1.8 1.8) (layer B.CrtYd) (width 0.05))
    (fp_text user %R (at 0 -11.43 90) (layer B.Fab)
      (effects (font (size 1 1) (thickness 0.15)) (justify mirror))
    )
    (pad 1 thru_hole rect (at 0 0 180) (size 1.7 1.7) (drill 1) (layers *.Cu *.Mask)
      (net 5 +3V3))
    (pad 2 thru_hole oval (at 0 -2.54 180) (size 1.7 1.7) (drill 1) (layers *.Cu *.Mask)
      (net 22 /PA02))
    (pad 3 thru_hole oval (at 0 -5.08 180) (size 1.7 1.7) (drill 1) (layers *.Cu *.Mask)
      (net 23 /PA03))
    (pad 4 thru_hole oval (at 0 -7.62 180) (size 1.7 1.7) (drill 1) (layers *.Cu *.Mask)
      (net 24 /PA04))
    (pad 5 thru_hole oval (at 0 -10.16 180) (size 1.7 1.7) (drill 1) (layers *.Cu *.Mask)
      (net 10 /PA05))
    (pad 6 thru_hole oval (at 0 -12.7 180) (size 1.7 1.7) (drill 1) (layers *.Cu *.Mask)
      (net 11 /PA06))
    (pad 7 thru_hole oval (at 0 -15.24 180) (size 1.7 1.7) (drill 1) (layers *.Cu *.Mask)
      (net 12 /PA07))
    (pad 8 thru_hole oval (at 0 -17.78 180) (size 1.7 1.7) (drill 1) (layers *.Cu *.Mask)
      (net 13 /PA08))
    (pad 9 thru_hole oval (at 0 -20.32 180) (size 1.7 1.7) (drill 1) (layers *.Cu *.Mask)
      (net 14 /PA09))
    (pad 10 thru_hole oval (at 0 -22.86 180) (size 1.7 1.7) (drill 1) (layers *.Cu *.Mask)
      (net 1 GND))
    (model ${KISYS3DMOD}/Connector_PinHeader_2.54mm.3dshapes/PinHeader_1x10_P2.54mm_Vertical.wrl
      (at (xyz 0 0 0))
      (scale (xyz 1 1 1))
      (rotate (xyz 0 0 0))
    )
  )

  (module Connector_PinHeader_2.54mm:PinHeader_1x10_P2.54mm_Vertical (layer B.Cu) (tedit 59FED5CC) (tstamp 5D445280)
    (at 129.54 66.04)
    (descr "Through hole straight pin header, 1x10, 2.54mm pitch, single row")
    (tags "Through hole pin header THT 1x10 2.54mm single row")
    (path /5D373BCC)
    (fp_text reference X2 (at -2.54 -13.335) (layer B.SilkS)
      (effects (font (size 1 1) (thickness 0.15)) (justify mirror))
    )
    (fp_text value Conn_01x10_Male (at 0 -25.19) (layer B.Fab)
      (effects (font (size 1 1) (thickness 0.15)) (justify mirror))
    )
    (fp_text user %R (at 0 -11.43 -90) (layer B.Fab)
      (effects (font (size 1 1) (thickness 0.15)) (justify mirror))
    )
    (fp_line (start 1.8 1.8) (end -1.8 1.8) (layer B.CrtYd) (width 0.05))
    (fp_line (start 1.8 -24.65) (end 1.8 1.8) (layer B.CrtYd) (width 0.05))
    (fp_line (start -1.8 -24.65) (end 1.8 -24.65) (layer B.CrtYd) (width 0.05))
    (fp_line (start -1.8 1.8) (end -1.8 -24.65) (layer B.CrtYd) (width 0.05))
    (fp_line (start -1.33 1.33) (end 0 1.33) (layer B.SilkS) (width 0.12))
    (fp_line (start -1.33 0) (end -1.33 1.33) (layer B.SilkS) (width 0.12))
    (fp_line (start -1.33 -1.27) (end 1.33 -1.27) (layer B.SilkS) (width 0.12))
    (fp_line (start 1.33 -1.27) (end 1.33 -24.19) (layer B.SilkS) (width 0.12))
    (fp_line (start -1.33 -1.27) (end -1.33 -24.19) (layer B.SilkS) (width 0.12))
    (fp_line (start -1.33 -24.19) (end 1.33 -24.19) (layer B.SilkS) (width 0.12))
    (fp_line (start -1.27 0.635) (end -0.635 1.27) (layer B.Fab) (width 0.1))
    (fp_line (start -1.27 -24.13) (end -1.27 0.635) (layer B.Fab) (width 0.1))
    (fp_line (start 1.27 -24.13) (end -1.27 -24.13) (layer B.Fab) (width 0.1))
    (fp_line (start 1.27 1.27) (end 1.27 -24.13) (layer B.Fab) (width 0.1))
    (fp_line (start -0.635 1.27) (end 1.27 1.27) (layer B.Fab) (width 0.1))
    (pad 10 thru_hole oval (at 0 -22.86) (size 1.7 1.7) (drill 1) (layers *.Cu *.Mask)
      (net 1 GND))
    (pad 9 thru_hole oval (at 0 -20.32) (size 1.7 1.7) (drill 1) (layers *.Cu *.Mask)
      (net 6 /PA28_RST))
    (pad 8 thru_hole oval (at 0 -17.78) (size 1.7 1.7) (drill 1) (layers *.Cu *.Mask)
      (net 21 /PA25_UDP))
    (pad 7 thru_hole oval (at 0 -15.24) (size 1.7 1.7) (drill 1) (layers *.Cu *.Mask)
      (net 20 /PA24_UDM))
    (pad 6 thru_hole oval (at 0 -12.7) (size 1.7 1.7) (drill 1) (layers *.Cu *.Mask)
      (net 9 /PA23_LED))
    (pad 5 thru_hole oval (at 0 -10.16) (size 1.7 1.7) (drill 1) (layers *.Cu *.Mask)
      (net 18 /PA22))
    (pad 4 thru_hole oval (at 0 -7.62) (size 1.7 1.7) (drill 1) (layers *.Cu *.Mask)
      (net 17 /PA16))
    (pad 3 thru_hole oval (at 0 -5.08) (size 1.7 1.7) (drill 1) (layers *.Cu *.Mask)
      (net 16 /PA15))
    (pad 2 thru_hole oval (at 0 -2.54) (size 1.7 1.7) (drill 1) (layers *.Cu *.Mask)
      (net 15 /PA14))
    (pad 1 thru_hole rect (at 0 0) (size 1.7 1.7) (drill 1) (layers *.Cu *.Mask)
      (net 2 +5V))
    (model ${KISYS3DMOD}/Connector_PinHeader_2.54mm.3dshapes/PinHeader_1x10_P2.54mm_Vertical.wrl
      (at (xyz 0 0 0))
      (scale (xyz 1 1 1))
      (rotate (xyz 0 0 0))
    )
  )

  (module device.farm:SWD (layer F.Cu) (tedit 5D37889A) (tstamp 5D44528C)
    (at 123.19 64.77)
    (path /5D3736EB)
    (fp_text reference X3 (at 0 2.54) (layer F.SilkS) hide
      (effects (font (size 1 1) (thickness 0.15)))
    )
    (fp_text value SWD (at 0 -2.54) (layer F.Fab)
      (effects (font (size 1 1) (thickness 0.15)))
    )
    (fp_line (start -1.27 -1.27) (end -1.27 1.27) (layer F.SilkS) (width 0.15))
    (fp_line (start -3.81 -1.27) (end 3.81 -1.27) (layer F.SilkS) (width 0.15))
    (fp_line (start 3.81 -1.27) (end 3.81 1.27) (layer F.SilkS) (width 0.15))
    (fp_line (start 3.81 1.27) (end -3.81 1.27) (layer F.SilkS) (width 0.15))
    (fp_line (start -3.81 1.27) (end -3.81 -1.27) (layer F.SilkS) (width 0.15))
    (pad 1 thru_hole circle (at -2.54 0) (size 1.524 1.524) (drill 1.016) (layers *.Cu *.Mask F.SilkS)
      (net 8 /SWDIO))
    (pad 2 thru_hole circle (at 0 0) (size 1.524 1.524) (drill 1.016) (layers *.Cu *.Mask F.SilkS)
      (net 1 GND))
    (pad 3 thru_hole circle (at 2.54 0) (size 1.524 1.524) (drill 1.016) (layers *.Cu *.Mask F.SilkS)
      (net 19 /SWCLK))
  )

  (module device.farm:conn_usb_B_micro_smd-2 (layer F.Cu) (tedit 5D3788A3) (tstamp 5D4452A3)
    (at 120.65 43.18 180)
    (descr "USB B micro SMD connector with retention pins")
    (path /5D37907E)
    (fp_text reference X4 (at 0 2.60096 180) (layer F.SilkS) hide
      (effects (font (size 0.50038 0.50038) (thickness 0.09906)))
    )
    (fp_text value USB_B_Micro (at 0 0 180) (layer F.SilkS) hide
      (effects (font (size 0.50038 0.50038) (thickness 0.09906)))
    )
    (fp_line (start -4.20116 1.99898) (end 4.20116 1.99898) (layer F.SilkS) (width 0.20066))
    (fp_line (start -4.20116 2.10058) (end 4.20116 2.10058) (layer F.SilkS) (width 0.20066))
    (fp_line (start 4.20116 2.10058) (end 4.20116 1.89992) (layer F.SilkS) (width 0.20066))
    (fp_line (start 4.20116 1.89992) (end -4.20116 1.89992) (layer F.SilkS) (width 0.20066))
    (fp_line (start -4.20116 1.89992) (end -4.20116 2.10058) (layer F.SilkS) (width 0.20066))
    (fp_line (start -3.8989 2.10058) (end -3.8989 -2.90068) (layer F.SilkS) (width 0.20066))
    (fp_line (start -3.8989 -2.90068) (end 3.8989 -2.90068) (layer F.SilkS) (width 0.20066))
    (fp_line (start 3.8989 -2.90068) (end 3.8989 2.10058) (layer F.SilkS) (width 0.20066))
    (pad 6 smd rect (at -1.19888 0 180) (size 1.89738 1.89738) (layers F.Cu F.Paste F.Mask)
      (net 3 "Net-(C2-Pad1)"))
    (pad 6 smd rect (at 1.19888 0 180) (size 1.89738 1.89738) (layers F.Cu F.Paste F.Mask)
      (net 3 "Net-(C2-Pad1)"))
    (pad 6 smd rect (at 3.9497 0 180) (size 1.89738 1.89738) (layers F.Cu F.Paste F.Mask)
      (net 3 "Net-(C2-Pad1)"))
    (pad 6 smd rect (at -3.9497 0 180) (size 1.89738 1.89738) (layers F.Cu F.Paste F.Mask)
      (net 3 "Net-(C2-Pad1)"))
    (pad 1 smd rect (at -1.30048 -3 180) (size 0.39878 2) (layers F.Cu F.Paste F.Mask)
      (net 2 +5V))
